0.0 0.8 -0.2 3.6 0 13.85 0.950984499372
0.0 0.8 -0.2 3.6 1 15.25 0.950682852807
0.0 0.8 -3.6 -2.6 0 14.05 0.952755905512
0.0 0.8 -3.6 -2.6 1 13.65 0.953642384106
0.0 0.8 -2.6 -2.385 0 14.25 0.951965065502
0.0 0.8 -2.6 -2.385 1 11.05 0.962962962963
0.0 0.8 -2.385 -2.2 0 14.5 0.95
0.0 0.8 -2.385 -2.2 1 18.5 -1
0.0 0.8 -2.2 -1.8 0 15.75 0.955056179775
0.0 0.8 -2.2 -1.8 1 13.55 0.95
0.0 0.8 -1.8 -1.4 0 15.65 0.95
0.0 0.8 -1.8 -1.4 1 5.05 0.8
0.0 0.8 -1.4 -1.15 0 6.3 0.955555555556
0.0 0.8 -1.4 -1.15 1 15.7 0.952941176471
0.0 0.8 -1.15 -0.2 0 15.2 0.951672862454
0.0 0.8 -1.15 -0.2 1 14.15 0.951923076923
0.8 1.05 -0.2 3.6 0 16.35 0.95
0.8 1.05 -0.2 3.6 1 17.3 0.950877192982
0.8 1.05 -3.6 -2.6 0 18.4 0.95652173913
0.8 1.05 -3.6 -2.6 1 16.95 0.96
0.8 1.05 -2.6 -2.385 0 17.15 0.953125
0.8 1.05 -2.6 -2.385 1 17.75 1.0
0.8 1.05 -2.385 -2.2 0 16.65 0.954545454545
0.8 1.05 -2.385 -2.2 1 18.5 -1
0.8 1.05 -2.2 -1.8 0 15.55 1.0
0.8 1.05 -2.2 -1.8 1 16.85 0.965517241379
0.8 1.05 -1.8 -1.4 0 14.95 0.956043956044
0.8 1.05 -1.8 -1.4 1 18.5 1.0
0.8 1.05 -1.4 -1.15 0 17.3 1.0
0.8 1.05 -1.4 -1.15 1 10.35 1.0
0.8 1.05 -1.15 -0.2 0 17.05 0.950310559006
0.8 1.05 -1.15 -0.2 1 16.1 0.96511627907
1.05 1.1 -0.2 3.6 0 17.5 0.955357142857
1.05 1.1 -0.2 3.6 1 17.3 0.952380952381
1.05 1.1 -3.6 -2.6 0 16.6 1.0
1.05 1.1 -3.6 -2.6 1 18.0 1.0
1.05 1.1 -2.6 -2.385 0 18.5 1.0
1.05 1.1 -2.6 -2.385 1 18.5 -1
1.05 1.1 -2.385 -2.2 0 15.1 1.0
1.05 1.1 -2.385 -2.2 1 18.5 -1
1.05 1.1 -2.2 -1.8 0 18.5 1.0
1.05 1.1 -2.2 -1.8 1 17.3 1.0
1.05 1.1 -1.8 -1.4 0 5.05 0.941176470588
1.05 1.1 -1.8 -1.4 1 18.5 -1
1.05 1.1 -1.4 -1.15 0 18.5 1.0
1.05 1.1 -1.4 -1.15 1 17.8 1.0
1.05 1.1 -1.15 -0.2 0 16.3 1.0
1.05 1.1 -1.15 -0.2 1 18.5 1.0
1.1 1.15 -0.2 3.6 0 16.55 0.950495049505
1.1 1.15 -0.2 3.6 1 15.25 0.972972972973
1.1 1.15 -3.6 -2.6 0 15.95 1.0
1.1 1.15 -3.6 -2.6 1 13.45 1.0
1.1 1.15 -2.6 -2.385 0 16.2 1.0
1.1 1.15 -2.6 -2.385 1 18.5 -1
1.1 1.15 -2.385 -2.2 0 13.2 1.0
1.1 1.15 -2.385 -2.2 1 18.5 -1
1.1 1.15 -2.2 -1.8 0 15.95 1.0
1.1 1.15 -2.2 -1.8 1 14.5 1.0
1.1 1.15 -1.8 -1.4 0 17.5 0.96
1.1 1.15 -1.8 -1.4 1 18.5 1.0
1.1 1.15 -1.4 -1.15 0 18.5 1.0
1.1 1.15 -1.4 -1.15 1 18.5 1.0
1.1 1.15 -1.15 -0.2 0 17.2 0.970588235294
1.1 1.15 -1.15 -0.2 1 17.35 1.0
1.15 1.2 -0.2 3.6 0 16.3 0.961165048544
1.15 1.2 -0.2 3.6 1 14.6 0.960784313725
1.15 1.2 -3.6 -2.6 0 14.35 1.0
1.15 1.2 -3.6 -2.6 1 18.5 1.0
1.15 1.2 -2.6 -2.385 0 17.75 1.0
1.15 1.2 -2.6 -2.385 1 16.25 1.0
1.15 1.2 -2.385 -2.2 0 7.3 1.0
1.15 1.2 -2.385 -2.2 1 18.5 -1
1.15 1.2 -2.2 -1.8 0 15.25 1.0
1.15 1.2 -2.2 -1.8 1 16.75 1.0
1.15 1.2 -1.8 -1.4 0 8.35 0.966666666667
1.15 1.2 -1.8 -1.4 1 18.5 -1
1.15 1.2 -1.4 -1.15 0 18.5 1.0
1.15 1.2 -1.4 -1.15 1 11.9 1.0
1.15 1.2 -1.15 -0.2 0 15.85 0.962962962963
1.15 1.2 -1.15 -0.2 1 16.95 1.0
1.2 1.25 -0.2 3.6 0 16.15 0.956896551724
1.2 1.25 -0.2 3.6 1 15.4 0.967741935484
1.2 1.25 -3.6 -2.6 0 18.05 1.0
1.2 1.25 -3.6 -2.6 1 15.45 1.0
1.2 1.25 -2.6 -2.385 0 17.35 1.0
1.2 1.25 -2.6 -2.385 1 18.5 -1
1.2 1.25 -2.385 -2.2 0 11.5 1.0
1.2 1.25 -2.385 -2.2 1 18.5 -1
1.2 1.25 -2.2 -1.8 0 11.55 1.0
1.2 1.25 -2.2 -1.8 1 12.35 1.0
1.2 1.25 -1.8 -1.4 0 16.45 0.95
1.2 1.25 -1.8 -1.4 1 18.5 -1
1.2 1.25 -1.4 -1.15 0 17.85 1.0
1.2 1.25 -1.4 -1.15 1 16.4 1.0
1.2 1.25 -1.15 -0.2 0 8.4 1.0
1.2 1.25 -1.15 -0.2 1 13.7 1.0
1.25 1.3 -0.2 3.6 0 14.55 0.957264957265
1.25 1.3 -0.2 3.6 1 16.5 0.970149253731
1.25 1.3 -3.6 -2.6 0 12.65 1.0
1.25 1.3 -3.6 -2.6 1 17.55 1.0
1.25 1.3 -2.6 -2.385 0 18.5 1.0
1.25 1.3 -2.6 -2.385 1 18.5 1.0
1.25 1.3 -2.385 -2.2 0 10.25 1.0
1.25 1.3 -2.385 -2.2 1 18.5 -1
1.25 1.3 -2.2 -1.8 0 16.7 1.0
1.25 1.3 -2.2 -1.8 1 17.75 0.954545454545
1.25 1.3 -1.8 -1.4 0 11.35 1.0
1.25 1.3 -1.8 -1.4 1 18.5 1.0
1.25 1.3 -1.4 -1.15 0 16.3 1.0
1.25 1.3 -1.4 -1.15 1 14.75 1.0
1.25 1.3 -1.15 -0.2 0 14.0 0.964285714286
1.25 1.3 -1.15 -0.2 1 15.3 0.96875
1.3 1.4 -0.2 3.6 0 15.0 0.953405017921
1.3 1.4 -0.2 3.6 1 16.4 0.95652173913
1.3 1.4 -3.6 -2.6 0 16.35 0.958333333333
1.3 1.4 -3.6 -2.6 1 17.4 0.95
1.3 1.4 -2.6 -2.385 0 15.5 0.961538461538
1.3 1.4 -2.6 -2.385 1 18.5 -1
1.3 1.4 -2.385 -2.2 0 6.75 1.0
1.3 1.4 -2.385 -2.2 1 18.5 -1
1.3 1.4 -2.2 -1.8 0 15.1 1.0
1.3 1.4 -2.2 -1.8 1 15.75 0.96875
1.3 1.4 -1.8 -1.4 0 12.9 0.962962962963
1.3 1.4 -1.8 -1.4 1 16.0 1.0
1.3 1.4 -1.4 -1.15 0 13.15 1.0
1.3 1.4 -1.4 -1.15 1 17.7 0.961538461538
1.3 1.4 -1.15 -0.2 0 13.9 0.958904109589
1.3 1.4 -1.15 -0.2 1 14.6 0.962264150943
1.4 1.5 -0.2 3.6 0 18.1 0.954128440367
1.4 1.5 -0.2 3.6 1 17.05 0.955223880597
1.4 1.5 -3.6 -2.6 0 17.65 0.958333333333
1.4 1.5 -3.6 -2.6 1 17.65 0.972222222222
1.4 1.5 -2.6 -2.385 0 16.65 0.95652173913
1.4 1.5 -2.6 -2.385 1 18.5 -1
1.4 1.5 -2.385 -2.2 0 18.0 0.964285714286
1.4 1.5 -2.385 -2.2 1 18.5 -1
1.4 1.5 -2.2 -1.8 0 17.45 1.0
1.4 1.5 -2.2 -1.8 1 13.65 0.973684210526
1.4 1.5 -1.8 -1.4 0 16.2 0.959183673469
1.4 1.5 -1.8 -1.4 1 18.5 -1
1.4 1.5 -1.4 -1.15 0 18.5 1.0
1.4 1.5 -1.4 -1.15 1 16.5 1.0
1.4 1.5 -1.15 -0.2 0 17.75 0.951219512195
1.4 1.5 -1.15 -0.2 1 16.3 0.959459459459
1.5 1.6 -0.2 3.6 0 18.25 0.953125
1.5 1.6 -0.2 3.6 1 13.65 0.955882352941
1.5 1.6 -3.6 -2.6 0 18.35 0.971428571429
1.5 1.6 -3.6 -2.6 1 10.8 0.965517241379
1.5 1.6 -2.6 -2.385 0 18.5 0.961538461538
1.5 1.6 -2.6 -2.385 1 18.5 1.0
1.5 1.6 -2.385 -2.2 0 17.85 1.0
1.5 1.6 -2.385 -2.2 1 18.5 -1
1.5 1.6 -2.2 -1.8 0 12.65 1.0
1.5 1.6 -2.2 -1.8 1 11.35 0.966666666667
1.5 1.6 -1.8 -1.4 0 16.9 0.958333333333
1.5 1.6 -1.8 -1.4 1 18.5 -1
1.5 1.6 -1.4 -1.15 0 18.5 1.0
1.5 1.6 -1.4 -1.15 1 14.5 1.0
1.5 1.6 -1.15 -0.2 0 18.5 0.950819672131
1.5 1.6 -1.15 -0.2 1 16.35 0.974358974359
1.6 1.7 -0.2 3.6 0 17.55 0.952991452991
1.6 1.7 -0.2 3.6 1 15.85 0.953020134228
1.6 1.7 -3.6 -2.6 0 13.75 0.958333333333
1.6 1.7 -3.6 -2.6 1 14.35 1.0
1.6 1.7 -2.6 -2.385 0 17.9 1.0
1.6 1.7 -2.6 -2.385 1 18.5 1.0
1.6 1.7 -2.385 -2.2 0 18.5 1.0
1.6 1.7 -2.385 -2.2 1 18.5 -1
1.6 1.7 -2.2 -1.8 0 16.55 1.0
1.6 1.7 -2.2 -1.8 1 15.25 0.954545454545
1.6 1.7 -1.8 -1.4 0 18.5 0.972222222222
1.6 1.7 -1.8 -1.4 1 18.5 -1
1.6 1.7 -1.4 -1.15 0 18.35 1.0
1.6 1.7 -1.4 -1.15 1 5.05 0.916666666667
1.6 1.7 -1.15 -0.2 0 18.5 0.980769230769
1.6 1.7 -1.15 -0.2 1 12.65 0.960784313725
1.7 1.8 -0.2 3.6 0 18.5 0.957345971564
1.7 1.8 -0.2 3.6 1 17.6 0.95
1.7 1.8 -3.6 -2.6 0 18.5 1.0
1.7 1.8 -3.6 -2.6 1 12.5 0.95
1.7 1.8 -2.6 -2.385 0 17.55 0.961538461538
1.7 1.8 -2.6 -2.385 1 18.5 -1
1.7 1.8 -2.385 -2.2 0 18.5 1.0
1.7 1.8 -2.385 -2.2 1 18.5 -1
1.7 1.8 -2.2 -1.8 0 18.5 1.0
1.7 1.8 -2.2 -1.8 1 18.5 0.951219512195
1.7 1.8 -1.8 -1.4 0 17.85 0.977272727273
1.7 1.8 -1.8 -1.4 1 18.5 -1
1.7 1.8 -1.4 -1.15 0 18.5 1.0
1.7 1.8 -1.4 -1.15 1 17.55 1.0
1.7 1.8 -1.15 -0.2 0 18.5 0.964285714286
1.7 1.8 -1.15 -0.2 1 13.6 0.952380952381
1.8 1.9 -0.2 3.6 0 18.5 0.958333333333
1.8 1.9 -0.2 3.6 1 17.75 0.953488372093
1.8 1.9 -3.6 -2.6 0 18.5 1.0
1.8 1.9 -3.6 -2.6 1 5.05 0.941176470588
1.8 1.9 -2.6 -2.385 0 18.5 1.0
1.8 1.9 -2.6 -2.385 1 18.5 1.0
1.8 1.9 -2.385 -2.2 0 18.5 1.0
1.8 1.9 -2.385 -2.2 1 18.5 -1
1.8 1.9 -2.2 -1.8 0 18.5 1.0
1.8 1.9 -2.2 -1.8 1 18.5 1.0
1.8 1.9 -1.8 -1.4 0 16.65 0.97619047619
1.8 1.9 -1.8 -1.4 1 18.5 1.0
1.8 1.9 -1.4 -1.15 0 17.5 1.0
1.8 1.9 -1.4 -1.15 1 18.5 1.0
1.8 1.9 -1.15 -0.2 0 18.5 1.0
1.8 1.9 -1.15 -0.2 1 18.5 0.979166666667
1.9 2.0 -0.2 3.6 0 16.3 0.953271028037
1.9 2.0 -0.2 3.6 1 16.5 0.950819672131
1.9 2.0 -3.6 -2.6 0 18.5 1.0
1.9 2.0 -3.6 -2.6 1 18.5 1.0
1.9 2.0 -2.6 -2.385 0 18.5 1.0
1.9 2.0 -2.6 -2.385 1 18.5 1.0
1.9 2.0 -2.385 -2.2 0 18.5 1.0
1.9 2.0 -2.385 -2.2 1 18.5 -1
1.9 2.0 -2.2 -1.8 0 18.5 1.0
1.9 2.0 -2.2 -1.8 1 18.5 1.0
1.9 2.0 -1.8 -1.4 0 15.2 1.0
1.9 2.0 -1.8 -1.4 1 18.5 1.0
1.9 2.0 -1.4 -1.15 0 18.5 1.0
1.9 2.0 -1.4 -1.15 1 18.5 1.0
1.9 2.0 -1.15 -0.2 0 18.5 0.95652173913
1.9 2.0 -1.15 -0.2 1 16.05 1.0
2.0 2.1 -0.2 3.6 0 18.5 0.954022988506
2.0 2.1 -0.2 3.6 1 18.5 0.978021978022
2.0 2.1 -3.6 -2.6 0 16.75 1.0
2.0 2.1 -3.6 -2.6 1 18.5 1.0
2.0 2.1 -2.6 -2.385 0 18.5 1.0
2.0 2.1 -2.6 -2.385 1 18.5 -1
2.0 2.1 -2.385 -2.2 0 18.5 1.0
2.0 2.1 -2.385 -2.2 1 18.5 -1
2.0 2.1 -2.2 -1.8 0 18.1 1.0
2.0 2.1 -2.2 -1.8 1 18.1 1.0
2.0 2.1 -1.8 -1.4 0 18.1 0.954545454545
2.0 2.1 -1.8 -1.4 1 18.5 -1
2.0 2.1 -1.4 -1.15 0 18.5 1.0
2.0 2.1 -1.4 -1.15 1 18.5 1.0
2.0 2.1 -1.15 -0.2 0 18.5 0.95
2.0 2.1 -1.15 -0.2 1 18.5 0.965517241379
2.1 2.2 -0.2 3.6 0 18.5 0.960317460317
2.1 2.2 -0.2 3.6 1 18.5 0.957142857143
2.1 2.2 -3.6 -2.6 0 18.5 1.0
2.1 2.2 -3.6 -2.6 1 17.9 0.952380952381
2.1 2.2 -2.6 -2.385 0 18.5 1.0
2.1 2.2 -2.6 -2.385 1 18.5 1.0
2.1 2.2 -2.385 -2.2 0 18.5 1.0
2.1 2.2 -2.385 -2.2 1 18.5 -1
2.1 2.2 -2.2 -1.8 0 5.05 0.833333333333
2.1 2.2 -2.2 -1.8 1 18.5 1.0
2.1 2.2 -1.8 -1.4 0 10.5 0.967741935484
2.1 2.2 -1.8 -1.4 1 18.5 1.0
2.1 2.2 -1.4 -1.15 0 18.5 1.0
2.1 2.2 -1.4 -1.15 1 15.85 1.0
2.1 2.2 -1.15 -0.2 0 18.0 0.961538461538
2.1 2.2 -1.15 -0.2 1 17.35 0.96
2.2 2.3 -0.2 3.6 0 18.5 0.980392156863
2.2 2.3 -0.2 3.6 1 18.5 0.975308641975
2.2 2.3 -3.6 -2.6 0 5.95 1.0
2.2 2.3 -3.6 -2.6 1 16.95 1.0
2.2 2.3 -2.6 -2.385 0 16.45 1.0
2.2 2.3 -2.6 -2.385 1 18.5 1.0
2.2 2.3 -2.385 -2.2 0 18.5 1.0
2.2 2.3 -2.385 -2.2 1 18.5 -1
2.2 2.3 -2.2 -1.8 0 18.5 1.0
2.2 2.3 -2.2 -1.8 1 18.5 1.0
2.2 2.3 -1.8 -1.4 0 18.5 0.966666666667
2.2 2.3 -1.8 -1.4 1 18.5 -1
2.2 2.3 -1.4 -1.15 0 18.5 1.0
2.2 2.3 -1.4 -1.15 1 18.5 1.0
2.2 2.3 -1.15 -0.2 0 18.5 0.966666666667
2.2 2.3 -1.15 -0.2 1 18.5 0.958333333333
2.3 2.4 -0.2 3.6 0 18.5 0.953271028037
2.3 2.4 -0.2 3.6 1 17.75 0.961538461538
2.3 2.4 -3.6 -2.6 0 18.5 1.0
2.3 2.4 -3.6 -2.6 1 18.5 1.0
2.3 2.4 -2.6 -2.385 0 16.35 1.0
2.3 2.4 -2.6 -2.385 1 18.5 -1
2.3 2.4 -2.385 -2.2 0 18.5 1.0
2.3 2.4 -2.385 -2.2 1 18.5 -1
2.3 2.4 -2.2 -1.8 0 18.5 1.0
2.3 2.4 -2.2 -1.8 1 18.5 1.0
2.3 2.4 -1.8 -1.4 0 18.5 1.0
2.3 2.4 -1.8 -1.4 1 18.5 1.0
2.3 2.4 -1.4 -1.15 0 18.5 1.0
2.3 2.4 -1.4 -1.15 1 17.05 1.0
2.3 2.4 -1.15 -0.2 0 11.05 0.965517241379
2.3 2.4 -1.15 -0.2 1 18.5 1.0
