0.0 1.05 -0.2 3.6 0 15.44 0.944666286366
0.0 1.05 -0.2 3.6 1 14.5 0.944739638682
0.0 1.05 -3.6 -2.6 0 19.32 0.95
0.0 1.05 -3.6 -2.6 1 5.02 0.929203539823
0.0 1.05 -2.6 -2.385 0 14.62 0.946428571429
0.0 1.05 -2.6 -2.385 1 5.82 1.0
0.0 1.05 -2.385 -2.2 0 16.42 0.945205479452
0.0 1.05 -2.385 -2.2 1 20.5 -1
0.0 1.05 -2.2 -1.8 0 16.68 0.953846153846
0.0 1.05 -2.2 -1.8 1 5.02 0.921052631579
0.0 1.05 -1.8 -1.4 0 13.28 0.948113207547
0.0 1.05 -1.8 -1.4 1 20.5 1.0
0.0 1.05 -1.4 -1.15 0 5.02 0.9375
0.0 1.05 -1.4 -1.15 1 5.02 0.875
0.0 1.05 -1.15 -0.2 0 14.52 0.948979591837
0.0 1.05 -1.15 -0.2 1 5.02 0.936241610738
1.05 1.3 -0.2 3.6 0 13.6 0.947712418301
1.05 1.3 -0.2 3.6 1 20.5 0.968503937008
1.05 1.3 -3.6 -2.6 0 20.38 0.947368421053
1.05 1.3 -3.6 -2.6 1 16.3 0.962962962963
1.05 1.3 -2.6 -2.385 0 18.28 0.966666666667
1.05 1.3 -2.6 -2.385 1 14.78 1.0
1.05 1.3 -2.385 -2.2 0 20.5 0.947368421053
1.05 1.3 -2.385 -2.2 1 20.5 -1
1.05 1.3 -2.2 -1.8 0 16.76 1.0
1.05 1.3 -2.2 -1.8 1 20.5 1.0
1.05 1.3 -1.8 -1.4 0 20.24 0.962264150943
1.05 1.3 -1.8 -1.4 1 20.5 1.0
1.05 1.3 -1.4 -1.15 0 20.3 1.0
1.05 1.3 -1.4 -1.15 1 14.58 1.0
1.05 1.3 -1.15 -0.2 0 20.5 0.951612903226
1.05 1.3 -1.15 -0.2 1 20.5 1.0
1.3 1.4 -0.2 3.6 0 5.84 0.950704225352
1.3 1.4 -0.2 3.6 1 5.02 0.926829268293
1.3 1.4 -3.6 -2.6 0 5.02 0.9
1.3 1.4 -3.6 -2.6 1 5.02 0.92
1.3 1.4 -2.6 -2.385 0 14.4 1.0
1.3 1.4 -2.6 -2.385 1 20.5 -1
1.3 1.4 -2.385 -2.2 0 5.02 0.944444444444
1.3 1.4 -2.385 -2.2 1 20.5 -1
1.3 1.4 -2.2 -1.8 0 5.02 0.875
1.3 1.4 -2.2 -1.8 1 5.02 0.85
1.3 1.4 -1.8 -1.4 0 15.14 0.965517241379
1.3 1.4 -1.8 -1.4 1 20.5 -1
1.3 1.4 -1.4 -1.15 0 5.02 0.909090909091
1.3 1.4 -1.4 -1.15 1 5.02 0.941176470588
1.3 1.4 -1.15 -0.2 0 6.54 0.959183673469
1.3 1.4 -1.15 -0.2 1 12.46 0.967741935484
1.4 1.5 -0.2 3.6 0 18.94 0.945945945946
1.4 1.5 -0.2 3.6 1 16.02 0.951807228916
1.4 1.5 -3.6 -2.6 0 15.16 1.0
1.4 1.5 -3.6 -2.6 1 19.24 0.95
1.4 1.5 -2.6 -2.385 0 15.86 1.0
1.4 1.5 -2.6 -2.385 1 20.5 -1
1.4 1.5 -2.385 -2.2 0 14.9 1.0
1.4 1.5 -2.385 -2.2 1 20.5 -1
1.4 1.5 -2.2 -1.8 0 5.02 0.75
1.4 1.5 -2.2 -1.8 1 12.26 0.96
1.4 1.5 -1.8 -1.4 0 13.48 0.971428571429
1.4 1.5 -1.8 -1.4 1 20.5 -1
1.4 1.5 -1.4 -1.15 0 20.5 1.0
1.4 1.5 -1.4 -1.15 1 19.9 1.0
1.4 1.5 -1.15 -0.2 0 17.24 0.958333333333
1.4 1.5 -1.15 -0.2 1 15.0 0.976744186047
1.5 1.6 -0.2 3.6 0 5.02 0.839694656489
1.5 1.6 -0.2 3.6 1 14.72 0.952380952381
1.5 1.6 -3.6 -2.6 0 5.02 0.695652173913
1.5 1.6 -3.6 -2.6 1 18.72 1.0
1.5 1.6 -2.6 -2.385 0 5.02 0.857142857143
1.5 1.6 -2.6 -2.385 1 20.5 1.0
1.5 1.6 -2.385 -2.2 0 5.02 0.636363636364
1.5 1.6 -2.385 -2.2 1 20.5 -1
1.5 1.6 -2.2 -1.8 0 15.8 1.0
1.5 1.6 -2.2 -1.8 1 7.2 1.0
1.5 1.6 -1.8 -1.4 0 5.02 0.724137931034
1.5 1.6 -1.8 -1.4 1 20.5 -1
1.5 1.6 -1.4 -1.15 0 11.86 1.0
1.5 1.6 -1.4 -1.15 1 5.78 1.0
1.5 1.6 -1.15 -0.2 0 5.02 0.828571428571
1.5 1.6 -1.15 -0.2 1 6.68 1.0
1.6 1.7 -0.2 3.6 0 5.02 0.852713178295
1.6 1.7 -0.2 3.6 1 14.04 0.945205479452
1.6 1.7 -3.6 -2.6 0 20.5 1.0
1.6 1.7 -3.6 -2.6 1 19.9 1.0
1.6 1.7 -2.6 -2.385 0 18.72 1.0
1.6 1.7 -2.6 -2.385 1 20.5 1.0
1.6 1.7 -2.385 -2.2 0 5.02 0.857142857143
1.6 1.7 -2.385 -2.2 1 20.5 -1
1.6 1.7 -2.2 -1.8 0 13.02 1.0
1.6 1.7 -2.2 -1.8 1 20.5 0.96
1.6 1.7 -1.8 -1.4 0 5.02 0.882352941176
1.6 1.7 -1.8 -1.4 1 20.5 -1
1.6 1.7 -1.4 -1.15 0 17.92 1.0
1.6 1.7 -1.4 -1.15 1 18.34 1.0
1.6 1.7 -1.15 -0.2 0 5.02 0.838709677419
1.6 1.7 -1.15 -0.2 1 5.02 0.941176470588
1.7 1.8 -0.2 3.6 0 5.02 0.925619834711
1.7 1.8 -0.2 3.6 1 18.26 0.957894736842
1.7 1.8 -3.6 -2.6 0 20.5 1.0
1.7 1.8 -3.6 -2.6 1 12.94 0.961538461538
1.7 1.8 -2.6 -2.385 0 18.04 1.0
1.7 1.8 -2.6 -2.385 1 20.5 -1
1.7 1.8 -2.385 -2.2 0 19.12 1.0
1.7 1.8 -2.385 -2.2 1 20.5 -1
1.7 1.8 -2.2 -1.8 0 20.5 1.0
1.7 1.8 -2.2 -1.8 1 20.5 0.964285714286
1.7 1.8 -1.8 -1.4 0 20.5 1.0
1.7 1.8 -1.8 -1.4 1 20.5 -1
1.7 1.8 -1.4 -1.15 0 20.5 1.0
1.7 1.8 -1.4 -1.15 1 19.48 1.0
1.7 1.8 -1.15 -0.2 0 20.5 0.969696969697
1.7 1.8 -1.15 -0.2 1 19.64 1.0
1.8 1.9 -0.2 3.6 0 20.5 0.964912280702
1.8 1.9 -0.2 3.6 1 20.34 0.945205479452
1.8 1.9 -3.6 -2.6 0 5.02 0.928571428571
1.8 1.9 -3.6 -2.6 1 19.76 1.0
1.8 1.9 -2.6 -2.385 0 20.5 1.0
1.8 1.9 -2.6 -2.385 1 20.5 1.0
1.8 1.9 -2.385 -2.2 0 20.5 1.0
1.8 1.9 -2.385 -2.2 1 20.5 -1
1.8 1.9 -2.2 -1.8 0 19.26 1.0
1.8 1.9 -2.2 -1.8 1 5.02 0.9375
1.8 1.9 -1.8 -1.4 0 20.34 0.954545454545
1.8 1.9 -1.8 -1.4 1 20.5 1.0
1.8 1.9 -1.4 -1.15 0 20.48 1.0
1.8 1.9 -1.4 -1.15 1 20.12 1.0
1.8 1.9 -1.15 -0.2 0 8.4 0.962962962963
1.8 1.9 -1.15 -0.2 1 19.6 0.95652173913
1.9 2.0 -0.2 3.6 0 5.02 0.893617021277
1.9 2.0 -0.2 3.6 1 5.02 0.75
1.9 2.0 -3.6 -2.6 0 5.02 0.8
1.9 2.0 -3.6 -2.6 1 5.02 0.8
1.9 2.0 -2.6 -2.385 0 5.02 0.75
1.9 2.0 -2.6 -2.385 1 20.5 -1
1.9 2.0 -2.385 -2.2 0 5.02 0.833333333333
1.9 2.0 -2.385 -2.2 1 20.5 -1
1.9 2.0 -2.2 -1.8 0 20.5 1.0
1.9 2.0 -2.2 -1.8 1 5.02 0.333333333333
1.9 2.0 -1.8 -1.4 0 6.74 1.0
1.9 2.0 -1.8 -1.4 1 5.02 0.0
1.9 2.0 -1.4 -1.15 0 20.5 1.0
1.9 2.0 -1.4 -1.15 1 5.02 0.8
1.9 2.0 -1.15 -0.2 0 5.02 0.9
1.9 2.0 -1.15 -0.2 1 5.02 0.8
2.0 2.1 -0.2 3.6 0 5.02 0.790697674419
2.0 2.1 -0.2 3.6 1 5.02 0.931818181818
2.0 2.1 -3.6 -2.6 0 5.02 0.818181818182
2.0 2.1 -3.6 -2.6 1 5.02 0.9
2.0 2.1 -2.6 -2.385 0 5.02 0.857142857143
2.0 2.1 -2.6 -2.385 1 20.5 -1
2.0 2.1 -2.385 -2.2 0 5.02 0.6
2.0 2.1 -2.385 -2.2 1 20.5 -1
2.0 2.1 -2.2 -1.8 0 20.5 1.0
2.0 2.1 -2.2 -1.8 1 19.14 1.0
2.0 2.1 -1.8 -1.4 0 5.02 0.727272727273
2.0 2.1 -1.8 -1.4 1 20.5 -1
2.0 2.1 -1.4 -1.15 0 9.5 1.0
2.0 2.1 -1.4 -1.15 1 20.5 1.0
2.0 2.1 -1.15 -0.2 0 5.02 0.666666666667
2.0 2.1 -1.15 -0.2 1 5.02 0.8125
2.1 2.2 -0.2 3.6 0 5.02 0.857142857143
2.1 2.2 -0.2 3.6 1 13.74 0.969696969697
2.1 2.2 -3.6 -2.6 0 5.02 0.75
2.1 2.2 -3.6 -2.6 1 12.36 1.0
2.1 2.2 -2.6 -2.385 0 5.02 0.857142857143
2.1 2.2 -2.6 -2.385 1 20.5 -1
2.1 2.2 -2.385 -2.2 0 5.02 0.857142857143
2.1 2.2 -2.385 -2.2 1 20.5 -1
2.1 2.2 -2.2 -1.8 0 20.5 1.0
2.1 2.2 -2.2 -1.8 1 5.02 0.9
2.1 2.2 -1.8 -1.4 0 5.02 0.722222222222
2.1 2.2 -1.8 -1.4 1 20.5 -1
2.1 2.2 -1.4 -1.15 0 20.5 1.0
2.1 2.2 -1.4 -1.15 1 20.5 1.0
2.1 2.2 -1.15 -0.2 0 5.02 0.583333333333
2.1 2.2 -1.15 -0.2 1 5.02 0.9375
2.2 2.3 -0.2 3.6 0 15.82 0.949152542373
2.2 2.3 -0.2 3.6 1 5.02 0.9
2.2 2.3 -3.6 -2.6 0 5.02 0.8
2.2 2.3 -3.6 -2.6 1 5.02 0.857142857143
2.2 2.3 -2.6 -2.385 0 17.62 1.0
2.2 2.3 -2.6 -2.385 1 20.5 -1
2.2 2.3 -2.385 -2.2 0 5.02 0.75
2.2 2.3 -2.385 -2.2 1 20.5 -1
2.2 2.3 -2.2 -1.8 0 20.5 1.0
2.2 2.3 -2.2 -1.8 1 5.02 0.625
2.2 2.3 -1.8 -1.4 0 19.76 1.0
2.2 2.3 -1.8 -1.4 1 20.5 -1
2.2 2.3 -1.4 -1.15 0 20.5 1.0
2.2 2.3 -1.4 -1.15 1 5.02 0.875
2.2 2.3 -1.15 -0.2 0 5.02 0.9375
2.2 2.3 -1.15 -0.2 1 5.02 0.916666666667
2.3 2.4 -0.2 3.6 0 5.02 0.941176470588
2.3 2.4 -0.2 3.6 1 10.26 0.954545454545
2.3 2.4 -3.6 -2.6 0 20.5 1.0
2.3 2.4 -3.6 -2.6 1 20.5 1.0
2.3 2.4 -2.6 -2.385 0 17.28 1.0
2.3 2.4 -2.6 -2.385 1 20.5 -1
2.3 2.4 -2.385 -2.2 0 5.02 0.875
2.3 2.4 -2.385 -2.2 1 20.5 -1
2.3 2.4 -2.2 -1.8 0 20.5 1.0
2.3 2.4 -2.2 -1.8 1 5.02 0.888888888889
2.3 2.4 -1.8 -1.4 0 20.5 1.0
2.3 2.4 -1.8 -1.4 1 20.5 -1
2.3 2.4 -1.4 -1.15 0 18.98 1.0
2.3 2.4 -1.4 -1.15 1 5.02 0.857142857143
2.3 2.4 -1.15 -0.2 0 20.5 0.947368421053
2.3 2.4 -1.15 -0.2 1 5.02 0.818181818182
