0.0 1.05 -0.2 3.6 0 17.04 0.940102681118
0.0 1.05 -0.2 3.6 1 15.6 0.940488841658
0.0 1.05 -3.6 -2.6 0 19.44 0.944444444444
0.0 1.05 -3.6 -2.6 1 6.00 0
0.0 1.05 -2.6 -2.385 0 17.0 0.940476190476
0.0 1.05 -2.6 -2.385 1 20.06 0.941176470588
0.0 1.05 -2.385 -2.2 0 17.2 0.945205479452
0.0 1.05 -2.385 -2.2 1 20.5 0
0.0 1.05 -2.2 -1.8 0 16.68 0.953846153846
0.0 1.05 -2.2 -1.8 1 6.00 0
0.0 1.05 -1.8 -1.4 0 18.8 0.943396226415
0.0 1.05 -1.8 -1.4 1 20.5 1.0
0.0 1.05 -1.4 -1.15 0 6.00 0
0.0 1.05 -1.4 -1.15 1 6.00 0
0.0 1.05 -1.15 -0.2 0 16.72 0.941326530612
0.0 1.05 -1.15 -0.2 1 6.00 0
1.05 1.4 -0.2 3.6 0 12.16 0.941964285714
1.05 1.4 -0.2 3.6 1 18.78 0.942583732057
1.05 1.4 -3.6 -2.6 0 19.08 0.958333333333
1.05 1.4 -3.6 -2.6 1 16.3 0.942307692308
1.05 1.4 -2.6 -2.385 0 17.8 0.957446808511
1.05 1.4 -2.6 -2.385 1 14.78 1.0
1.05 1.4 -2.385 -2.2 0 19.96 0.945945945946
1.05 1.4 -2.385 -2.2 1 20.5 0
1.05 1.4 -2.2 -1.8 0 11.48 0.961538461538
1.05 1.4 -2.2 -1.8 1 19.58 0.941176470588
1.05 1.4 -1.8 -1.4 0 20.24 0.951219512195
1.05 1.4 -1.8 -1.4 1 20.5 1.0
1.05 1.4 -1.4 -1.15 0 6.06 0.958333333333
1.05 1.4 -1.4 -1.15 1 18.82 0.942857142857
1.05 1.4 -1.15 -0.2 0 14.5 0.945945945946
1.05 1.4 -1.15 -0.2 1 17.96 0.944444444444
1.4 1.6 -0.2 3.6 0 6.00 0
1.4 1.6 -0.2 3.6 1 16.02 0.945205479452
1.4 1.6 -3.6 -2.6 0 6.00 0
1.4 1.6 -3.6 -2.6 1 18.74 0.96875
1.4 1.6 -2.6 -2.385 0 6.00 0
1.4 1.6 -2.6 -2.385 1 20.5 1.0
1.4 1.6 -2.385 -2.2 0 6.00 0
1.4 1.6 -2.385 -2.2 1 20.5 0
1.4 1.6 -2.2 -1.8 0 6.00 0
1.4 1.6 -2.2 -1.8 1 12.26 0.95
1.4 1.6 -1.8 -1.4 0 6.00 0
1.4 1.6 -1.8 -1.4 1 20.5 0
1.4 1.6 -1.4 -1.15 0 11.86 1.0
1.4 1.6 -1.4 -1.15 1 19.6 0.941176470588
1.4 1.6 -1.15 -0.2 0 6.00 0
1.4 1.6 -1.15 -0.2 1 14.44 0.952380952381
1.6 2.0 -0.2 3.6 0 6.00 0
1.6 2.0 -0.2 3.6 1 8.88 0.942238267148
1.6 2.0 -3.6 -2.6 0 20.5 0.95652173913
1.6 2.0 -3.6 -2.6 1 12.94 0.947368421053
1.6 2.0 -2.6 -2.385 0 18.04 0.964285714286
1.6 2.0 -2.6 -2.385 1 20.5 1.0
1.6 2.0 -2.385 -2.2 0 6.00 0
1.6 2.0 -2.385 -2.2 1 20.5 0
1.6 2.0 -2.2 -1.8 0 19.26 0.941176470588
1.6 2.0 -2.2 -1.8 1 6.00 0
1.6 2.0 -1.8 -1.4 0 19.52 0.942028985507
1.6 2.0 -1.8 -1.4 1 6.00 0
1.6 2.0 -1.4 -1.15 0 20.48 0.941176470588
1.6 2.0 -1.4 -1.15 1 19.48 0.942857142857
1.6 2.0 -1.15 -0.2 0 6.00 0
1.6 2.0 -1.15 -0.2 1 9.36 0.943820224719
2.0 2.4 -0.2 3.6 0 6.00 0
2.0 2.4 -0.2 3.6 1 6.00 0
2.0 2.4 -3.6 -2.6 0 6.00 0
2.0 2.4 -3.6 -2.6 1 6.00 0
2.0 2.4 -2.6 -2.385 0 6.00 0
2.0 2.4 -2.6 -2.385 1 20.5 0
2.0 2.4 -2.385 -2.2 0 6.00 0
2.0 2.4 -2.385 -2.2 1 20.5 0
2.0 2.4 -2.2 -1.8 0 20.5 1.0
2.0 2.4 -2.2 -1.8 1 6.00 0
2.0 2.4 -1.8 -1.4 0 6.00 0
2.0 2.4 -1.8 -1.4 1 20.5 0
2.0 2.4 -1.4 -1.15 0 9.5 1.0
2.0 2.4 -1.4 -1.15 1 6.00 0
2.0 2.4 -1.15 -0.2 0 6.00 0
2.0 2.4 -1.15 -0.2 1 6.00 0
