0.0 0.8 0 18.55 0.950629235237
0.0 0.8 1 20.5 1.0
0.8 1.05 0 19.0 0.951612903226
0.8 1.05 1 20.5 1.0
1.05 1.15 0 18.6 0.95358649789
1.05 1.15 1 5.5 0.911504424779
1.15 1.3 0 18.95 0.956349206349
1.15 1.3 1 5.5 0.792682926829
1.3 1.4 0 17.0 0.951890034364
1.3 1.4 1 13.4 0.952606635071
1.4 1.5 0 18.65 0.952861952862
1.4 1.5 1 17.35 0.951310861423
1.5 1.6 0 19.05 0.952978056426
1.5 1.6 1 13.3 0.952153110048
1.6 1.7 0 18.05 0.960784313725
1.6 1.7 1 15.0 0.952941176471
1.7 1.8 0 18.95 0.95
1.7 1.8 1 18.0 0.953667953668
1.8 1.9 0 18.95 0.953416149068
1.8 1.9 1 19.3 0.95154185022
1.9 2.0 0 19.7 0.95652173913
1.9 2.0 1 19.45 0.951612903226
2.0 2.2 0 19.2 0.952380952381
2.0 2.2 1 19.05 0.958333333333
2.2 2.4 0 19.35 0.953020134228
2.2 2.4 1 19.0 0.952941176471
